AIC2021
Center
49 21
225 698
horizontal
351
M 13 13
M 35 13
M 14 13
M 34 13
M 15 13
M 33 13
M 15 12
M 33 12
M 15 11
M 33 11
M 15 10
M 33 10
M 15 9
M 33 9
M 15 8
M 33 8
M 15 7
M 33 7
M 15 6
M 33 6
M 15 5
M 33 5
M 15 3
M 33 3
M 15 0
M 33 0
M 14 0
M 34 0
M 13 0
M 35 0
M 13 1
M 35 1
M 14 1
M 34 1
M 15 1
M 33 1
M 15 2
M 33 2
M 14 2
M 34 2
M 13 2
M 35 2
M 14 3
M 34 3
M 13 3
M 35 3
M 13 4
M 35 4
M 14 4
M 34 4
M 15 4
M 33 4
M 14 5
M 34 5
M 13 5
M 35 5
M 13 6
M 35 6
M 14 6
M 34 6
M 14 7
M 34 7
M 13 7
M 35 7
M 13 8
M 35 8
M 14 9
M 34 9
M 14 8
M 34 8
M 13 9
M 35 9
M 13 10
M 35 10
M 14 10
M 34 10
M 14 11
M 34 11
M 13 11
M 35 11
M 13 12
M 35 12
M 14 12
M 34 12
W 5 20
W 43 20
W 5 19
W 43 19
W 6 19
W 42 19
W 6 20
W 42 20
W 7 20
W 41 20
W 7 19
W 41 19
W 7 18
W 41 18
W 6 17
W 42 17
W 7 17
W 41 17
W 7 16
W 41 16
W 7 15
W 41 15
W 6 15
W 42 15
W 6 14
W 42 14
W 7 14
W 41 14
W 7 13
W 41 13
W 6 13
W 42 13
W 5 13
W 43 13
W 5 14
W 43 14
W 5 15
W 43 15
W 5 16
W 43 16
W 6 16
W 42 16
W 5 17
W 43 17
W 5 18
W 43 18
W 6 18
W 42 18
W 5 12
W 43 12
W 5 11
W 43 11
W 5 10
W 43 10
W 5 9
W 43 9
W 5 8
W 43 8
W 6 8
W 42 8
W 7 8
W 41 8
W 7 9
W 41 9
W 6 9
W 42 9
W 6 10
W 42 10
W 7 10
W 41 10
W 7 11
W 41 11
W 6 11
W 42 11
W 6 12
W 42 12
W 7 12
W 41 12
N 20 20 50
N 28 20 50
N 22 20 50
N 26 20 50
N 24 20 50
N 21 19 50
N 27 19 50
N 23 19 50
N 25 19 50
N 20 18 50
N 28 18 50
N 22 18 50
N 26 18 50
N 24 18 50
N 21 17 50
N 27 17 50
N 23 17 50
N 25 17 50
N 22 16 50
N 26 16 50
N 24 16 50
N 20 16 50
N 28 16 50
N 21 15 50
N 27 15 50
N 23 15 50
N 25 15 50
N 22 14 50
N 26 14 50
N 20 14 50
N 28 14 50
N 24 14 50
N 21 13 50
N 27 13 50
N 23 13 50
N 25 13 50
N 20 12 50
N 28 12 50
N 22 12 50
N 26 12 50
N 24 12 50
N 21 11 50
N 27 11 50
N 23 11 50
N 25 11 50
N 20 10 50
N 28 10 50
N 22 10 50
N 26 10 50
N 24 10 50
N 21 9 50
N 27 9 50
N 23 9 50
N 25 9 50
N 20 8 50
N 28 8 50
N 22 8 50
N 26 8 50
N 24 8 50
N 21 7 50
N 27 7 50
N 20 6 50
N 28 6 50
N 22 6 50
N 26 6 50
N 24 6 50
N 21 5 50
N 27 5 50
N 23 5 50
N 25 5 50
N 20 4 50
N 28 4 50
N 22 4 50
N 26 4 50
N 24 4 50
N 21 3 50
N 27 3 50
N 23 3 50
N 25 3 50
N 20 2 50
N 28 2 50
N 22 2 50
N 26 2 50
N 24 2 50
N 21 1 50
N 27 1 50
N 23 1 50
N 25 1 50
N 20 0 50
N 28 0 50
N 22 0 50
N 26 0 50
N 24 0 50
N 23 7 50
N 25 7 50
D 21 20 50
D 27 20 50
D 23 20 50
D 25 20 50
D 22 19 50
D 26 19 50
D 20 19 50
D 28 19 50
D 21 18 50
D 27 18 50
D 23 18 50
D 25 18 50
D 24 19 50
D 22 17 50
D 26 17 50
D 20 17 50
D 28 17 50
D 21 16 50
D 27 16 50
D 23 16 50
D 25 16 50
D 24 17 50
D 24 15 50
D 22 15 50
D 26 15 50
D 20 15 50
D 28 15 50
D 21 14 50
D 27 14 50
D 23 14 50
D 25 14 50
D 22 13 50
D 26 13 50
D 20 13 50
D 28 13 50
D 21 12 50
D 27 12 50
D 23 12 50
D 25 12 50
D 24 13 50
D 22 11 50
D 26 11 50
D 20 11 50
D 28 11 50
D 21 10 50
D 27 10 50
D 24 11 50
D 23 10 50
D 25 10 50
D 24 9 50
D 22 9 50
D 26 9 50
D 20 9 50
D 28 9 50
D 21 8 50
D 27 8 50
D 23 8 50
D 25 8 50
D 22 7 50
D 26 7 50
D 20 7 50
D 28 7 50
D 21 6 50
D 27 6 50
D 24 7 50
D 23 6 50
D 25 6 50
D 22 5 50
D 26 5 50
D 20 5 50
D 28 5 50
D 21 4 50
D 27 4 50
D 22 3 50
D 26 3 50
D 20 3 50
D 28 3 50
D 21 2 50
D 27 2 50
D 20 1 50
D 28 1 50
D 21 0 50
D 27 0 50
D 22 1 50
D 26 1 50
D 23 0 50
D 25 0 50
D 24 1 50
D 23 2 50
D 25 2 50
D 24 3 50
D 23 4 50
D 25 4 50
D 24 5 50
1
0 10
48 10
