AIC2021
Lanes
29 45
308 703
vertical
303
M 5 40
M 5 4
M 5 39
M 5 5
M 5 38
M 5 6
M 5 35
M 5 9
M 5 36
M 5 8
M 5 37
M 5 7
M 5 34
M 5 10
M 5 31
M 5 13
M 5 33
M 5 11
M 5 32
M 5 12
M 5 30
M 5 14
M 5 29
M 5 15
M 5 28
M 5 16
M 5 26
M 5 18
M 5 25
M 5 19
M 5 23
M 5 21
M 5 22
M 5 20
M 5 24
M 5 17
M 5 27
M 11 40
M 11 4
M 11 39
M 11 5
M 11 38
M 11 6
M 11 37
M 11 7
M 11 35
M 11 9
M 11 36
M 11 8
M 11 34
M 11 10
M 11 33
M 11 11
M 11 32
M 11 12
M 11 31
M 11 13
M 11 30
M 11 14
M 11 29
M 11 15
M 11 28
M 11 16
M 11 27
M 11 17
M 11 26
M 11 18
M 11 25
M 11 19
M 11 24
M 11 20
M 11 23
M 11 21
M 11 22
M 17 40
M 17 4
M 17 39
M 17 5
M 17 38
M 17 6
M 17 37
M 17 7
M 17 36
M 17 8
M 17 34
M 17 10
M 17 33
M 17 11
M 17 32
M 17 12
M 17 31
M 17 13
M 17 29
M 17 15
M 17 27
M 17 17
M 17 9
M 17 35
M 17 14
M 17 30
M 17 16
M 17 28
M 17 18
M 17 26
M 17 19
M 17 25
M 17 20
M 17 24
M 17 21
M 17 23
M 17 22
M 23 40
M 23 4
M 23 39
M 23 5
M 23 38
M 23 6
M 23 37
M 23 7
M 23 36
M 23 8
M 23 35
M 23 9
M 23 34
M 23 10
M 23 32
M 23 12
M 23 31
M 23 13
M 23 33
M 23 11
M 23 30
M 23 14
M 23 29
M 23 15
M 23 28
M 23 16
M 23 27
M 23 17
M 23 26
M 23 18
M 23 25
M 23 19
M 23 24
M 23 20
M 23 23
M 23 21
M 23 22
N 4 22 50
N 3 22 50
N 2 22 50
N 1 22 50
N 0 22 50
N 6 9 50
N 6 35 50
N 6 8 50
N 6 36 50
N 7 8 50
N 7 36 50
N 8 8 50
N 8 36 50
N 9 8 50
N 9 36 50
N 10 8 50
N 10 36 50
N 10 9 50
N 10 35 50
N 9 9 50
N 9 35 50
N 8 9 50
N 8 35 50
N 7 9 50
N 7 35 50
N 12 14 50
N 12 30 50
N 12 13 50
N 12 31 50
N 13 13 50
N 13 31 50
N 14 13 50
N 14 31 50
N 15 13 50
N 15 31 50
N 16 13 50
N 16 31 50
N 16 14 50
N 16 30 50
N 15 14 50
N 15 30 50
N 14 14 50
N 14 30 50
N 13 14 50
N 13 30 50
N 24 22 50
N 25 22 50
N 26 22 50
N 27 22 50
N 28 22 50
N 18 9 50
N 18 35 50
N 18 8 50
N 18 36 50
N 19 8 50
N 19 36 50
N 20 8 50
N 20 36 50
N 21 8 50
N 21 36 50
N 22 8 50
N 22 36 50
N 22 9 50
N 22 35 50
N 21 9 50
N 21 35 50
N 20 9 50
N 20 35 50
N 19 9 50
N 19 35 50
D 0 36 50
D 0 8 50
D 0 35 50
D 0 9 50
D 1 35 50
D 1 9 50
D 2 35 50
D 2 9 50
D 3 35 50
D 3 9 50
D 4 35 50
D 4 9 50
D 4 36 50
D 4 8 50
D 3 36 50
D 3 8 50
D 2 36 50
D 2 8 50
D 1 36 50
D 1 8 50
D 6 19 50
D 6 25 50
D 6 18 50
D 6 26 50
D 7 18 50
D 7 26 50
D 8 18 50
D 8 26 50
D 9 18 50
D 9 26 50
D 10 18 50
D 10 26 50
D 10 19 50
D 10 25 50
D 9 19 50
D 9 25 50
D 8 19 50
D 8 25 50
D 7 19 50
D 7 25 50
D 12 22 50
D 13 22 50
D 14 22 50
D 16 22 50
D 15 22 50
D 18 25 50
D 18 19 50
D 19 25 50
D 19 19 50
D 20 25 50
D 20 19 50
D 21 25 50
D 21 19 50
D 22 25 50
D 22 19 50
D 22 26 50
D 22 18 50
D 21 26 50
D 21 18 50
D 20 26 50
D 20 18 50
D 19 26 50
D 19 18 50
D 18 26 50
D 18 18 50
D 24 35 50
D 24 9 50
D 25 35 50
D 25 9 50
D 26 35 50
D 26 9 50
D 27 35 50
D 27 9 50
D 28 35 50
D 28 9 50
D 28 36 50
D 28 8 50
D 27 36 50
D 27 8 50
D 26 36 50
D 26 8 50
D 25 36 50
D 25 8 50
D 24 36 50
D 24 8 50
1
14 44
14 0
