AIC2021
Soccer
25 39
959 949
vertical
869
N 0 19 100 
N 1 19 100 
N 2 19 100 
N 3 19 100 
N 4 19 100 
N 5 19 100 
N 6 19 100 
N 7 19 100 
N 8 19 100 
N 9 19 100 
N 10 19 100 
N 11 19 100 
N 12 19 100 
N 13 19 100 
N 14 19 100 
N 15 19 100 
N 16 19 100 
N 17 19 100 
N 18 19 100 
N 20 19 100 
N 22 19 100 
N 24 19 100 
N 23 19 100 
N 21 19 100 
N 19 19 100 
N 0 18 100 
N 0 20 100 
N 0 17 100 
N 0 21 100 
N 0 16 100 
N 0 22 100 
N 0 15 100 
N 0 23 100 
N 0 14 100 
N 0 24 100 
N 0 13 100 
N 0 25 100 
N 0 12 100 
N 0 26 100 
N 0 11 100 
N 0 27 100 
N 0 10 100 
N 0 28 100 
N 0 8 100 
N 0 30 100 
N 0 7 100 
N 0 31 100 
N 0 6 100 
N 0 32 100 
N 0 4 100 
N 0 34 100 
N 0 3 100 
N 0 35 100 
N 0 2 100 
N 0 36 100 
N 0 0 100 
N 0 38 100 
N 24 18 100 
N 24 20 100 
N 24 17 100 
N 24 21 100 
N 24 16 100 
N 24 22 100 
N 24 15 100 
N 24 23 100 
N 24 13 100 
N 24 25 100 
N 24 12 100 
N 24 26 100 
N 24 10 100 
N 24 28 100 
N 24 9 100 
N 24 29 100 
N 24 7 100 
N 24 31 100 
N 24 6 100 
N 24 32 100 
N 24 5 100 
N 24 33 100 
N 24 3 100 
N 24 35 100 
N 24 2 100 
N 24 36 100 
N 19 0 100 
N 19 38 100 
N 16 0 100 
N 16 38 100 
N 13 0 100 
N 13 38 100 
N 11 0 100 
N 11 38 100 
N 10 0 100 
N 10 38 100 
N 8 0 100 
N 8 38 100 
N 7 0 100 
N 7 38 100 
N 6 0 100 
N 6 38 100 
N 2 0 100 
N 2 38 100 
N 1 0 100 
N 1 38 100 
N 0 1 100 
N 0 37 100 
N 0 5 100 
N 0 33 100 
N 0 9 100 
N 0 29 100 
N 3 0 100 
N 3 38 100 
N 4 0 100 
N 4 38 100 
N 5 0 100 
N 5 38 100 
N 9 0 100 
N 9 38 100 
N 12 0 100 
N 12 38 100 
N 14 0 100 
N 14 38 100 
N 15 0 100 
N 15 38 100 
N 17 0 100 
N 17 38 100 
N 18 0 100 
N 18 38 100 
N 20 0 100 
N 20 38 100 
N 22 0 100 
N 22 38 100 
N 21 0 100 
N 21 38 100 
N 24 0 100 
N 24 38 100 
N 23 0 100 
N 23 38 100 
N 24 1 100 
N 24 37 100 
N 24 4 100 
N 24 34 100 
N 24 8 100 
N 24 30 100 
N 24 11 100 
N 24 27 100 
N 24 14 100 
N 24 24 100 
N 6 1 100 
N 6 37 100 
N 6 2 100 
N 6 36 100 
N 6 3 100 
N 6 35 100 
N 6 4 100 
N 6 34 100 
N 6 5 100 
N 6 33 100 
N 6 6 100 
N 6 32 100 
N 18 1 100 
N 18 37 100 
N 18 2 100 
N 18 36 100 
N 18 3 100 
N 18 35 100 
N 18 4 100 
N 18 34 100 
N 18 5 100 
N 18 33 100 
N 18 6 100 
N 18 32 100 
N 7 6 100 
N 7 32 100 
N 8 6 100 
N 8 32 100 
N 10 6 100 
N 10 32 100 
N 12 6 100 
N 12 32 100 
N 14 6 100 
N 14 32 100 
N 16 6 100 
N 16 32 100 
N 17 6 100 
N 17 32 100 
N 15 6 100 
N 15 32 100 
N 13 6 100 
N 13 32 100 
N 11 6 100 
N 11 32 100 
N 9 6 100 
N 9 32 100 
N 10 1 100 
N 10 37 100 
N 10 2 100 
N 10 36 100 
N 11 2 100 
N 11 36 100 
N 12 2 100 
N 12 36 100 
N 13 2 100 
N 13 36 100 
N 14 2 100 
N 14 36 100 
N 14 1 100 
N 14 37 100 
N 9 7 100 
N 9 31 100 
N 10 8 100 
N 10 30 100 
N 11 8 100 
N 11 30 100 
N 12 8 100 
N 12 30 100 
N 13 8 100 
N 13 30 100 
N 15 7 100 
N 15 31 100 
N 14 8 100 
N 14 30 100 
N 9 20 100 
N 9 18 100 
N 9 21 100 
N 9 17 100 
N 10 22 100 
N 10 16 100 
N 11 23 100 
N 11 15 100 
N 15 20 100 
N 15 18 100 
N 15 21 100 
N 15 17 100 
N 13 23 100 
N 13 15 100 
N 12 23 100 
N 12 15 100 
N 14 22 100 
N 14 16 100 
D 1 37 10 
D 1 1 10 
D 2 37 10 
D 2 1 10 
D 3 37 10 
D 3 1 10 
D 4 37 10 
D 4 1 10 
D 5 37 10 
D 5 1 10 
D 1 36 10 
D 1 2 10 
D 3 36 10 
D 3 2 10 
D 2 36 10 
D 2 2 10 
D 4 36 10 
D 4 2 10 
D 5 36 10 
D 5 2 10 
D 4 35 10 
D 4 3 10 
D 5 35 10 
D 5 3 10 
D 5 33 10 
D 5 5 10 
D 5 32 10 
D 5 6 10 
D 5 30 10 
D 5 8 10 
D 5 28 10 
D 5 10 10 
D 5 24 10 
D 5 14 10 
D 5 20 10 
D 5 18 10 
D 4 20 10 
D 4 18 10 
D 3 20 10 
D 3 18 10 
D 1 20 10 
D 1 18 10 
D 2 20 10 
D 2 18 10 
D 1 21 10 
D 1 17 10 
D 1 22 10 
D 1 16 10 
D 1 23 10 
D 1 15 10 
D 1 25 10 
D 1 13 10 
D 1 24 10 
D 1 14 10 
D 1 26 10 
D 1 12 10 
D 1 28 10 
D 1 10 10 
D 1 29 10 
D 1 9 10 
D 1 30 10 
D 1 8 10 
D 1 32 10 
D 1 6 10 
D 1 31 10 
D 1 7 10 
D 1 33 10 
D 1 5 10 
D 1 34 10 
D 1 4 10 
D 1 35 10 
D 1 3 10 
D 2 35 10 
D 2 3 10 
D 3 35 10 
D 3 3 10 
D 2 34 10 
D 2 4 10 
D 3 34 10 
D 3 4 10 
D 5 34 10 
D 5 4 10 
D 2 33 10 
D 2 5 10 
D 3 33 10 
D 3 5 10 
D 4 33 10 
D 4 5 10 
D 4 34 10 
D 4 4 10 
D 4 32 10 
D 4 6 10 
D 3 32 10 
D 3 6 10 
D 2 32 10 
D 2 6 10 
D 2 31 10 
D 2 7 10 
D 3 31 10 
D 3 7 10 
D 4 31 10 
D 4 7 10 
D 5 31 10 
D 5 7 10 
D 4 30 10 
D 4 8 10 
D 3 30 10 
D 3 8 10 
D 2 30 10 
D 2 8 10 
D 2 29 10 
D 2 9 10 
D 3 29 10 
D 3 9 10 
D 4 29 10 
D 4 9 10 
D 5 29 10 
D 5 9 10 
D 4 28 10 
D 4 10 10 
D 3 28 10 
D 3 10 10 
D 2 28 10 
D 2 10 10 
D 1 27 10 
D 1 11 10 
D 2 27 10 
D 2 11 10 
D 3 27 10 
D 3 11 10 
D 4 27 10 
D 4 11 10 
D 5 27 10 
D 5 11 10 
D 5 26 10 
D 5 12 10 
D 5 25 10 
D 5 13 10 
D 5 21 10 
D 5 17 10 
D 4 21 10 
D 4 17 10 
D 3 21 10 
D 3 17 10 
D 2 21 10 
D 2 17 10 
D 2 22 10 
D 2 16 10 
D 2 24 10 
D 2 14 10 
D 2 25 10 
D 2 13 10 
D 2 26 10 
D 2 12 10 
D 3 26 10 
D 3 12 10 
D 4 26 10 
D 4 12 10 
D 4 25 10 
D 4 13 10 
D 3 25 10 
D 3 13 10 
D 3 24 10 
D 3 14 10 
D 4 24 10 
D 4 14 10 
D 5 23 10 
D 5 15 10 
D 5 22 10 
D 5 16 10 
D 4 22 10 
D 4 16 10 
D 4 23 10 
D 4 15 10 
D 2 23 10 
D 2 15 10 
D 3 23 10 
D 3 15 10 
D 3 22 10 
D 3 16 10 
D 6 20 10 
D 6 18 10 
D 6 21 10 
D 6 17 10 
D 6 22 10 
D 6 16 10 
D 6 23 10 
D 6 15 10 
D 6 24 10 
D 6 14 10 
D 6 25 10 
D 6 13 10 
D 6 26 10 
D 6 12 10 
D 6 28 10 
D 6 10 10 
D 6 27 10 
D 6 11 10 
D 6 29 10 
D 6 9 10 
D 6 30 10 
D 6 8 10 
D 6 31 10 
D 6 7 10 
D 7 31 10 
D 7 7 10 
D 8 31 10 
D 8 7 10 
D 8 30 10 
D 8 8 10 
D 9 30 10 
D 9 8 10 
D 7 30 10 
D 7 8 10 
D 8 29 10 
D 8 9 10 
D 7 29 10 
D 7 9 10 
D 10 29 10 
D 10 9 10 
D 11 29 10 
D 11 9 10 
D 12 29 10 
D 12 9 10 
D 13 29 10 
D 13 9 10 
D 14 29 10 
D 14 9 10 
D 15 30 10 
D 15 8 10 
D 16 31 10 
D 16 7 10 
D 17 31 10 
D 17 7 10 
D 18 31 10 
D 18 7 10 
D 19 32 10 
D 19 6 10 
D 19 33 10 
D 19 5 10 
D 19 34 10 
D 19 4 10 
D 19 35 10 
D 19 3 10 
D 19 36 10 
D 19 2 10 
D 19 37 10 
D 19 1 10 
D 20 37 10 
D 20 1 10 
D 21 37 10 
D 21 1 10 
D 23 37 10 
D 23 1 10 
D 22 37 10 
D 22 1 10 
D 23 36 10 
D 23 2 10 
D 23 35 10 
D 23 3 10 
D 23 34 10 
D 23 4 10 
D 23 33 10 
D 23 5 10 
D 23 32 10 
D 23 6 10 
D 23 31 10 
D 23 7 10 
D 23 29 10 
D 23 9 10 
D 23 28 10 
D 23 10 10 
D 23 27 10 
D 23 11 10 
D 23 26 10 
D 23 12 10 
D 23 25 10 
D 23 13 10 
D 23 20 10 
D 23 18 10 
D 22 20 10 
D 22 18 10 
D 21 20 10 
D 21 18 10 
D 20 20 10 
D 20 18 10 
D 19 20 10 
D 19 18 10 
D 18 20 10 
D 18 18 10 
D 16 20 10 
D 16 18 10 
D 17 20 10 
D 17 18 10 
D 16 21 10 
D 16 17 10 
D 15 22 10 
D 15 16 10 
D 13 24 10 
D 13 14 10 
D 11 24 10 
D 11 14 10 
D 12 24 10 
D 12 14 10 
D 10 23 10 
D 10 15 10 
D 9 22 10 
D 9 16 10 
D 8 21 10 
D 8 17 10 
D 8 20 10 
D 8 18 10 
D 7 20 10 
D 7 18 10 
D 7 21 10 
D 7 17 10 
D 7 22 10 
D 7 16 10 
D 8 22 10 
D 8 16 10 
D 8 23 10 
D 8 15 10 
D 7 23 10 
D 7 15 10 
D 9 23 10 
D 9 15 10 
D 9 24 10 
D 9 14 10 
D 8 24 10 
D 8 14 10 
D 7 24 10 
D 7 14 10 
D 7 25 10 
D 7 13 10 
D 8 25 10 
D 8 13 10 
D 8 26 10 
D 8 12 10 
D 7 26 10 
D 7 12 10 
D 7 27 10 
D 7 11 10 
D 8 27 10 
D 8 11 10 
D 7 28 10 
D 7 10 10 
D 8 28 10 
D 8 10 10 
D 9 29 10 
D 9 9 10 
D 9 27 10 
D 9 11 10 
D 9 26 10 
D 9 12 10 
D 9 25 10 
D 9 13 10 
D 11 25 10 
D 11 13 10 
D 10 24 10 
D 10 14 10 
D 10 25 10 
D 10 13 10 
D 10 26 10 
D 10 12 10 
D 10 27 10 
D 10 11 10 
D 9 28 10 
D 9 10 10 
D 10 28 10 
D 10 10 10 
D 11 28 10 
D 11 10 10 
D 11 27 10 
D 11 11 10 
D 11 26 10 
D 11 12 10 
D 12 25 10 
D 12 13 10 
D 12 26 10 
D 12 12 10 
D 12 27 10 
D 12 11 10 
D 12 28 10 
D 12 10 10 
D 13 28 10 
D 13 10 10 
D 13 27 10 
D 13 11 10 
D 13 26 10 
D 13 12 10 
D 13 25 10 
D 13 13 10 
D 14 25 10 
D 14 13 10 
D 14 26 10 
D 14 12 10 
D 14 27 10 
D 14 11 10 
D 14 28 10 
D 14 10 10 
D 16 30 10 
D 16 8 10 
D 17 30 10 
D 17 8 10 
D 19 31 10 
D 19 7 10 
D 20 31 10 
D 20 7 10 
D 21 31 10 
D 21 7 10 
D 22 31 10 
D 22 7 10 
D 23 30 10 
D 23 8 10 
D 22 32 10 
D 22 6 10 
D 21 32 10 
D 21 6 10 
D 20 32 10 
D 20 6 10 
D 20 33 10 
D 20 5 10 
D 21 33 10 
D 21 5 10 
D 22 33 10 
D 22 5 10 
D 22 34 10 
D 22 4 10 
D 21 34 10 
D 21 4 10 
D 20 34 10 
D 20 4 10 
D 20 35 10 
D 20 3 10 
D 21 35 10 
D 21 3 10 
D 22 35 10 
D 22 3 10 
D 22 36 10 
D 22 2 10 
D 21 36 10 
D 21 2 10 
D 20 36 10 
D 20 2 10 
D 15 23 10 
D 15 15 10 
D 15 24 10 
D 15 14 10 
D 14 24 10 
D 14 14 10 
D 14 23 10 
D 14 15 10 
D 17 21 10 
D 17 17 10 
D 18 21 10 
D 18 17 10 
D 19 21 10 
D 19 17 10 
D 20 21 10 
D 20 17 10 
D 21 21 10 
D 21 17 10 
D 22 21 10 
D 22 17 10 
D 23 21 10 
D 23 17 10 
D 23 22 10 
D 23 16 10 
D 23 23 10 
D 23 15 10 
D 23 24 10 
D 23 14 10 
D 22 24 10 
D 22 14 10 
D 22 23 10 
D 22 15 10 
D 22 22 10 
D 22 16 10 
D 21 22 10 
D 21 16 10 
D 21 23 10 
D 21 15 10 
D 21 24 10 
D 21 14 10 
D 19 24 10 
D 19 14 10 
D 20 22 10 
D 20 16 10 
D 19 22 10 
D 19 16 10 
D 18 22 10 
D 18 16 10 
D 17 22 10 
D 17 16 10 
D 16 23 10 
D 16 15 10 
D 16 22 10 
D 16 16 10 
D 17 23 10 
D 17 15 10 
D 19 23 10 
D 19 15 10 
D 20 23 10 
D 20 15 10 
D 20 24 10 
D 20 14 10 
D 18 24 10 
D 18 14 10 
D 18 23 10 
D 18 15 10 
D 17 24 10 
D 17 14 10 
D 16 24 10 
D 16 14 10 
D 15 25 10 
D 15 13 10 
D 16 25 10 
D 16 13 10 
D 16 26 10 
D 16 12 10 
D 15 26 10 
D 15 12 10 
D 15 27 10 
D 15 11 10 
D 16 27 10 
D 16 11 10 
D 16 28 10 
D 16 10 10 
D 15 28 10 
D 15 10 10 
D 15 29 10 
D 15 9 10 
D 16 29 10 
D 16 9 10 
D 18 29 10 
D 18 9 10 
D 17 29 10 
D 17 9 10 
D 19 29 10 
D 19 9 10 
D 20 29 10 
D 20 9 10 
D 21 29 10 
D 21 9 10 
D 22 29 10 
D 22 9 10 
D 22 30 10 
D 22 8 10 
D 20 30 10 
D 20 8 10 
D 19 30 10 
D 19 8 10 
D 18 30 10 
D 18 8 10 
D 21 30 10 
D 21 8 10 
D 21 28 10 
D 21 10 10 
D 22 28 10 
D 22 10 10 
D 22 27 10 
D 22 11 10 
D 22 26 10 
D 22 12 10 
D 22 25 10 
D 22 13 10 
D 21 25 10 
D 21 13 10 
D 21 26 10 
D 21 12 10 
D 21 27 10 
D 21 11 10 
D 20 28 10 
D 20 10 10 
D 19 28 10 
D 19 10 10 
D 19 27 10 
D 19 11 10 
D 20 27 10 
D 20 11 10 
D 20 26 10 
D 20 12 10 
D 19 25 10 
D 19 13 10 
D 19 26 10 
D 19 12 10 
D 18 27 10 
D 18 11 10 
D 18 28 10 
D 18 10 10 
D 17 28 10 
D 17 10 10 
D 17 27 10 
D 17 11 10 
D 17 26 10 
D 17 12 10 
D 18 26 10 
D 18 12 10 
D 18 25 10 
D 18 13 10 
D 17 25 10 
D 17 13 10 
D 20 25 10 
D 20 13 10 
D 11 22 10 
D 11 16 10 
D 12 22 10 
D 12 16 10 
D 10 21 10 
D 10 17 10 
D 11 21 10 
D 11 17 10 
D 12 21 10 
D 12 17 10 
D 13 21 10 
D 13 17 10 
D 14 21 10 
D 14 17 10 
D 13 22 10 
D 13 16 10 
D 10 20 10 
D 10 18 10 
D 11 20 10 
D 11 18 10 
D 12 20 10 
D 12 18 10 
D 13 20 10 
D 13 18 10 
D 14 20 10 
D 14 18 10 
1
12 4
12 34
