AIC2021
Spiral
31 31
856 152
rotational
330
M 0 6
M 30 24
M 1 6
M 29 24
M 2 6
M 28 24
M 3 6
M 27 24
M 4 6
M 26 24
M 5 6
M 25 24
M 6 6
M 24 24
M 7 6
M 23 24
M 8 6
M 22 24
M 9 6
M 21 24
M 10 6
M 20 24
M 11 6
M 19 24
M 12 6
M 18 24
M 13 6
M 17 24
M 14 6
M 16 24
M 15 6
M 15 24
M 16 6
M 14 24
M 17 6
M 13 24
M 18 6
M 12 24
M 19 6
M 11 24
M 20 6
M 10 24
M 21 6
M 9 24
M 22 6
M 8 24
M 23 6
M 7 24
M 24 6
M 6 24
W 12 18
W 18 12
W 13 18
W 17 12
W 14 18
W 16 12
W 15 18
W 15 12
W 16 18
W 14 12
W 17 18
W 13 12
W 18 18
W 12 12
W 19 18
W 11 12
W 20 18
W 10 12
W 21 18
W 9 12
W 22 18
W 8 12
W 23 18
W 7 12
W 24 18
W 6 12
W 24 17
W 6 13
W 24 16
W 6 14
W 24 15
W 6 15
W 24 14
W 6 16
W 24 13
W 6 17
W 24 11
W 6 19
W 24 12
W 6 18
W 24 10
W 6 20
W 24 9
W 6 21
W 24 8
W 6 22
W 24 7
W 6 23
N 25 23 50
N 5 7 50
N 25 22 50
N 5 8 50
N 25 21 50
N 5 9 50
N 25 20 50
N 5 10 50
N 25 19 50
N 5 11 50
N 26 19 50
N 4 11 50
N 27 19 50
N 3 11 50
N 28 19 50
N 2 11 50
N 29 19 50
N 1 11 50
N 30 19 50
N 0 11 50
N 30 20 50
N 0 10 50
N 30 21 50
N 0 9 50
N 30 22 50
N 0 8 50
N 29 23 50
N 1 7 50
N 30 23 50
N 0 7 50
N 28 23 50
N 2 7 50
N 27 23 50
N 3 7 50
N 26 23 50
N 4 7 50
N 26 22 50
N 4 8 50
N 27 22 50
N 3 8 50
N 28 22 50
N 2 8 50
N 29 22 50
N 1 8 50
N 29 21 50
N 1 9 50
N 29 20 50
N 1 10 50
N 28 20 50
N 2 10 50
N 27 20 50
N 3 10 50
N 26 20 50
N 4 10 50
N 26 21 50
N 4 9 50
N 27 21 50
N 3 9 50
N 28 21 50
N 2 9 50
N 8 14 50
N 22 16 50
N 9 14 50
N 21 16 50
N 10 14 50
N 20 16 50
N 10 15 50
N 20 15 50
N 10 16 50
N 20 14 50
N 9 16 50
N 21 14 50
N 8 16 50
N 22 14 50
N 9 15 50
N 21 15 50
N 8 15 50
N 22 15 50
N 11 19 50
N 19 11 50
N 10 19 50
N 20 11 50
N 9 19 50
N 21 11 50
N 8 19 50
N 22 11 50
N 7 19 50
N 23 11 50
N 7 20 50
N 23 10 50
N 7 21 50
N 23 9 50
N 7 22 50
N 23 8 50
N 7 23 50
N 23 7 50
N 8 23 50
N 22 7 50
N 9 23 50
N 21 7 50
N 10 23 50
N 20 7 50
N 11 23 50
N 19 7 50
N 11 22 50
N 19 8 50
N 11 21 50
N 19 9 50
N 11 20 50
N 19 10 50
D 25 5 50
D 5 25 50
D 25 4 50
D 5 26 50
D 25 3 50
D 5 27 50
D 25 2 50
D 5 28 50
D 25 1 50
D 5 29 50
D 25 0 50
D 5 30 50
D 26 0 50
D 4 30 50
D 26 1 50
D 4 29 50
D 26 4 50
D 4 26 50
D 26 5 50
D 4 25 50
D 26 3 50
D 4 27 50
D 26 2 50
D 4 28 50
D 27 3 50
D 3 27 50
D 27 4 50
D 3 26 50
D 27 5 50
D 3 25 50
D 28 5 50
D 2 25 50
D 29 5 50
D 1 25 50
D 30 5 50
D 0 25 50
D 30 4 50
D 0 26 50
D 30 3 50
D 0 27 50
D 30 2 50
D 0 28 50
D 30 1 50
D 0 29 50
D 30 0 50
D 0 30 50
D 29 0 50
D 1 30 50
D 28 0 50
D 2 30 50
D 27 0 50
D 3 30 50
D 27 1 50
D 3 29 50
D 27 2 50
D 3 28 50
D 28 2 50
D 2 28 50
D 28 1 50
D 2 29 50
D 29 1 50
D 1 29 50
D 29 2 50
D 1 28 50
D 29 3 50
D 1 27 50
D 28 3 50
D 2 27 50
D 28 4 50
D 2 26 50
D 29 4 50
D 1 26 50
D 7 17 50
D 23 13 50
D 7 16 50
D 23 14 50
D 7 15 50
D 23 15 50
D 7 14 50
D 23 16 50
D 7 13 50
D 23 17 50
D 8 13 50
D 22 17 50
D 10 13 50
D 20 17 50
D 11 13 50
D 19 17 50
D 9 13 50
D 21 17 50
D 11 14 50
D 19 16 50
D 11 15 50
D 19 15 50
D 11 16 50
D 19 14 50
D 11 17 50
D 19 13 50
D 10 17 50
D 20 13 50
D 9 17 50
D 21 13 50
D 8 17 50
D 22 13 50
D 8 20 50
D 22 10 50
D 9 20 50
D 21 10 50
D 10 20 50
D 20 10 50
D 10 21 50
D 20 9 50
D 10 22 50
D 20 8 50
D 9 22 50
D 21 8 50
D 8 22 50
D 22 8 50
D 8 21 50
D 22 9 50
D 9 21 50
D 21 9 50
1
4 2
26 28
