AIC2021
Swamp
25 41
841 126
vertical
414
W 8 0
W 8 40
W 9 0
W 9 40
W 9 1
W 9 39
W 9 2
W 9 38
W 11 2
W 11 38
W 10 2
W 10 38
W 10 3
W 10 37
W 11 3
W 11 37
W 12 4
W 12 36
W 11 4
W 11 36
W 12 3
W 12 37
W 13 3
W 13 37
W 13 4
W 13 36
W 14 3
W 14 37
W 14 2
W 14 38
W 15 2
W 15 38
W 15 1
W 15 39
W 21 0
W 21 40
W 21 1
W 21 39
W 20 1
W 20 39
W 20 2
W 20 38
W 19 3
W 19 37
W 19 2
W 19 38
W 19 4
W 19 36
W 18 5
W 18 35
W 18 4
W 18 36
W 19 5
W 19 35
W 17 6
W 17 34
W 18 6
W 18 34
W 17 7
W 17 33
W 16 7
W 16 33
W 16 6
W 16 34
W 15 7
W 15 33
W 14 8
W 14 32
W 15 8
W 15 32
W 15 9
W 15 31
W 14 9
W 14 31
W 13 9
W 13 31
W 12 9
W 12 31
W 12 8
W 12 32
W 11 8
W 11 32
W 11 9
W 11 31
W 10 8
W 10 32
W 10 7
W 10 33
W 9 7
W 9 33
W 9 6
W 9 34
W 8 6
W 8 34
W 7 6
W 7 34
W 7 5
W 7 35
W 6 5
W 6 35
W 6 4
W 6 36
W 4 0
W 4 40
W 3 0
W 3 40
W 3 1
W 3 39
W 2 2
W 2 38
W 3 2
W 3 38
W 1 3
W 1 37
W 0 3
W 0 37
W 1 4
W 1 36
W 1 5
W 1 35
W 2 6
W 2 34
W 1 7
W 1 33
W 1 6
W 1 34
W 2 7
W 2 33
W 2 8
W 2 32
W 4 8
W 4 32
W 4 9
W 4 31
W 3 8
W 3 32
W 5 10
W 5 30
W 5 9
W 5 31
W 6 11
W 6 29
W 7 12
W 7 28
W 7 11
W 7 29
W 6 10
W 6 30
W 8 12
W 8 28
W 9 13
W 9 27
W 9 12
W 9 28
W 10 13
W 10 27
W 11 13
W 11 27
W 12 13
W 12 27
W 12 12
W 12 28
W 13 13
W 13 27
W 13 12
W 13 28
W 14 12
W 14 28
W 15 12
W 15 28
W 15 13
W 15 27
W 16 13
W 16 27
W 16 14
W 16 26
W 17 14
W 17 26
W 18 14
W 18 26
W 18 13
W 18 27
W 18 12
W 18 28
W 19 12
W 19 28
W 19 11
W 19 29
W 19 10
W 19 30
W 20 9
W 20 31
W 20 10
W 20 30
W 21 9
W 21 31
W 24 13
W 24 27
W 24 14
W 24 26
W 23 15
W 23 25
W 23 16
W 23 24
W 24 16
W 24 24
W 24 15
W 24 25
W 22 16
W 22 24
W 21 17
W 21 23
W 20 17
W 20 23
W 22 17
W 22 23
W 19 17
W 19 23
W 19 18
W 19 22
W 18 18
W 18 22
W 24 20
W 23 20
W 23 19
W 23 21
W 17 18
W 17 22
W 16 18
W 16 22
W 16 17
W 16 23
W 15 17
W 15 23
W 14 17
W 14 23
W 13 18
W 13 22
W 13 17
W 13 23
W 12 18
W 12 22
W 11 18
W 11 22
W 11 17
W 11 23
W 10 17
W 10 23
W 8 17
W 8 23
W 9 16
W 9 24
W 9 17
W 9 23
W 7 17
W 7 23
W 6 17
W 6 23
W 6 16
W 6 24
W 5 15
W 5 25
W 4 15
W 4 25
W 4 14
W 4 26
W 5 16
W 5 24
W 0 21
W 0 19
W 0 20
W 1 20
W 3 20
W 2 21
W 2 19
W 4 20
N 17 4 100
N 17 36 100
N 16 2 100
N 16 38 100
N 15 4 100
N 15 36 100
N 10 5 100
N 10 35 100
N 8 3 100
N 8 37 100
N 8 2 100
N 8 38 100
N 7 0 100
N 7 40 100
N 3 4 100
N 3 36 100
N 5 7 100
N 5 33 100
N 8 9 100
N 8 31 100
N 8 10 100
N 8 30 100
N 15 11 100
N 15 29 100
N 18 9 100
N 18 31 100
N 21 7 100
N 21 33 100
N 22 3 100
N 22 37 100
N 23 5 100
N 23 35 100
N 23 10 100
N 23 30 100
N 24 11 100
N 24 29 100
N 16 16 100
N 16 24 100
N 11 15 100
N 11 25 100
N 5 13 100
N 5 27 100
N 6 13 100
N 6 27 100
N 6 14 100
N 6 26 100
N 2 10 100
N 2 30 100
N 1 9 100
N 1 31 100
N 0 8 100
N 0 32 100
N 1 17 100
N 1 23 100
N 3 13 100
N 3 27 100
N 5 19 100
N 5 21 100
N 10 20 100
N 15 19 100
N 15 21 100
N 19 20 100
D 18 1 100
D 18 39 100
D 15 3 100
D 15 37 100
D 14 5 100
D 14 35 100
D 11 6 100
D 11 34 100
D 9 5 100
D 9 35 100
D 6 3 100
D 6 37 100
D 5 2 100
D 5 38 100
D 3 5 100
D 3 35 100
D 6 8 100
D 6 32 100
D 10 10 100
D 10 30 100
D 17 10 100
D 17 30 100
D 18 7 100
D 18 33 100
D 23 7 100
D 23 33 100
D 22 12 100
D 22 28 100
D 21 14 100
D 21 26 100
D 0 2 100
D 0 38 100
D 1 2 100
D 1 38 100
D 1 1 100
D 1 39 100
D 2 1 100
D 2 39 100
D 2 0 100
D 2 40 100
D 7 21 100
D 7 19 100
D 6 20 100
D 12 20 100
D 14 20 100
D 17 20 100
D 20 20 100
D 21 21 100
D 21 19 100
D 21 20 100
D 24 18 100
D 24 22 100
D 9 19 100
D 9 21 100
D 3 23 100
D 3 17 100
D 0 27 100
D 0 13 100
D 1 29 100
D 1 11 100
D 4 28 100
D 4 12 100
D 13 15 100
D 13 25 100
D 9 15 100
D 9 25 100
D 7 14 100
D 7 26 100
D 19 16 100
D 19 24 100
D 24 3 100
D 24 37 100
D 23 1 100
D 23 39 100
D 22 5 100
D 22 35 100
1
12 0
12 40
