AIC2021
X
21 21
29 603
rotational
99
M 2 18
M 18 2
M 3 18
M 17 2
M 3 17
M 17 3
M 4 17
M 16 3
M 4 16
M 16 4
M 5 16
M 15 4
M 5 15
M 15 5
M 6 15
M 14 5
M 6 14
M 14 6
M 7 14
M 13 6
M 7 13
M 13 7
M 8 13
M 12 7
M 8 12
M 12 8
M 9 12
M 11 8
M 9 11
M 11 9
W 2 2
W 18 18
W 3 2
W 17 18
W 3 3
W 17 17
W 4 3
W 16 17
W 4 4
W 16 16
W 5 4
W 15 16
W 5 5
W 15 15
W 6 5
W 14 15
W 6 6
W 14 14
W 7 6
W 13 14
W 7 7
W 13 13
W 8 7
W 12 13
W 8 8
W 12 12
W 9 8
W 11 12
W 9 9
W 11 11
W 10 9
W 10 11
W 10 10
N 9 10 150
N 11 10 150
N 8 10 150
N 12 10 150
N 8 9 150
N 12 11 150
N 7 8 150
N 13 12 150
N 7 9 150
N 13 11 150
N 7 10 150
N 13 10 150
N 7 11 150
N 13 9 150
N 7 12 150
N 13 8 150
N 8 11 150
N 12 9 150
D 8 14 150
D 12 6 150
D 9 13 150
D 11 7 150
D 10 12 150
D 10 8 150
D 11 13 150
D 9 7 150
D 12 14 150
D 8 6 150
D 11 14 150
D 9 6 150
D 10 14 150
D 10 6 150
D 9 14 150
D 11 6 150
D 10 13 150
D 10 7 150
1
10 0
10 20
